31643.70
31558.60
31647.53
31653.48
31653.38
32009.64
31984.77
31450.89
31668.34
31623.27
31563.31
31461.97
31580.33
32148.04
32150.32
32389.50
32661.59
32793.32
32973.40
32966.75
33047.58
33227.78
32858.36
32810.35
32753.77
32787.99
32672.69
33098.83
33259.00
33170.93
33173.77
33167.17
33617.95
33544.79
33521.76
33506.80
33810.87
33786.19
33741.64
33911.25
34068.73
34256.75
34182.38
34034.18
34160.34
34126.57
34157.57
34148.94
34043.98
33946.60
34087.21
33988.75
34221.06
34147.78
34331.20
34561.29
34811.39
35091.56
34572.74
34207.87
34181.77
34454.05
34383.84
34408.99
33945.81
34233.40
34415.48
34472.51
34511.35
34409.59
34608.82
34631.11
34849.32
34706.65
34667.41
34772.12
34820.91
34665.38
34654.67
34737.79
34618.09
34472.52
34420.38
34333.25
34091.79
33622.70
33908.09
34040.70
34009.40
34233.02
34501.02
34449.65
34469.83
34553.16
34640.28
34821.93
34814.20
34708.78
34569.01
34893.72
35014.90
35018.79
35069.18
34990.41
35090.01
34528.48
34621.79
34820.24
34879.28
35095.33
35150.37
35078.90
35116.37
35171.52
35106.30
35192.11
35120.94
35047.44
35067.54
35246.79
35229.67
35285.16
35501.16
35510.77
35610.57
35631.19
35500.01
35356.80
34997.81
35177.26
35428.91
35445.47
35501.14
35498.45
35479.18
35510.71
35449.79
35407.37
35475.40
35422.71
35373.24
35175.15
35199.89
35104.25
34939.10
34990.36
34880.77
34943.55
34779.86
34459.72
34313.88
34440.42
34879.78
34857.06
35061.12
34798.21
34580.42
34557.37
34490.56
34410.28
34490.95
34432.68
34975.19
34842.62
34951.35
34611.24
34449.83
34923.83
35320.97
35327.57
35462.68
35669.69
35612.36
35765.02
35787.04
35892.92
35835.43
35742.25
35852.53
36009.74
36088.81
36178.51
36168.03
36484.75
36565.73
36416.98
36346.61
36108.17
36147.63
36236.07
36316.61
36159.70
35952.63
35879.09
35929.66
35841.52
35825.47
35366.69
35287.91
35056.99
35004.64
34759.65
34801.31
35356.75
35819.47
35840.52
35864.24
35982.69
35958.93
35779.47 
35943.84
36189.83
35800.11
35222.12
35508.96
35764.67
36060.99
36306.61
36527.26
36571.55
36679.44
36484.94
36595.82
36934.84
36952.65
36464.19
36382.84
36175.21
36271.47
36453.49
36513.88
35996.43
35661.76
35547.83
35490.20
34896.67
34420.99
34591.04
34815.67
34773.32
34731.77
35148.14
35441.09
35679.20
35535.94
35333.55
35325.01
35544.89
35824.28
35800.24
35431.15
