1.209834
1.208900
1.214772
1.215510
1.217878
1.217404
1.224155
1.218249
1.210156
1.208036
1.211050
1.206401
1.196859
1.193218
1.191600
1.192506
1.197777
1.199041
1.196544
1.195300
1.191800
1.199100
1.193745
1.193745
1.194315
1.185115
1.183012
1.180401
1.179357
1.177579
1.175862
1.177579
1.181614
1.185536
1.191469
1.191483
1.192321
1.192037
1.195314
1.198193
1.199314
1.199472
1.204819
1.208167
1.204529
1.207001
1.207799
1.211827
1.209190
1.210214
1.215214
1.212856
1.207799
1.206300
1.202935
1.207001
1.216545
1.217730
1.217968
1.215067
1.210654
1.214772
1.217000
1.223242
1.224800
1.222901
1.224200
1.222942
1.226700
1.226500
1.221699
1.220107
1.225415
1.222942
1.221598
1.218769
1.220200
1.219661
1.221899
1.219215
1.219500
1.213151
1.214919
1.213499
1.200769
1.192748
1.192051
1.191753
1.197000
1.195672
1.197447
1.194600
1.193033
1.191043
1.188399
1.186099
1.189626
1.184133
1.186634
1.187465
1.188213
1.187790
1.182801
1.185115
1.182300
1.182327
1.180401
1.180275
1.182984
1.178550
1.181754
1.183712
1.183012
1.189202
1.191100
1.189900
1.189600
1.190200
1.185901
1.183572
1.177163
1.174399
1.174688
1.175101
1.180300
1.180359
1.178411
1.173100
1.170686
1.169100
1.174329
1.176484
1.176055
1.178134
1.180359
1.181195
1.184553
1.186000
1.187225
1.190760
1.188778
1.185400
1.184133
1.185300
1.181754
1.184699
1.183300
1.182313
1.178967
1.173709
1.174895
1.174453
1.175101
1.174812
1.172800
1.170600
1.169200
1.161170
1.160900
1.164009
1.162250
1.159958
1.157140
1.158373
1.158749
1.157006
1.157901
1.162500
1.161980
1.161211
1.167000
1.165401
1.166997
1.165406
1.166861
1.162900
1.162439
1.169317
1.169180
1.159326
1.161500
1.159900
1.161710
1.156470
1.159555
1.160901
1.159824
1.149161
1.145987
1.146421
1.138701
1.133400
1.135976
1.137010
1.129050
1.127345
1.125454
1.132200
1.129801
1.138174
1.135847
1.134816
1.133183
1.131000
1.129943
1.133903
1.134559
1.132259
1.131606
1.132759
1.127800
1.136364
1.134906
1.130454
1.130327
1.134200
1.134559
1.133500
1.133600
1.137001
1.135976
1.137915
1.137592
1.132300
1.134559
1.133067
1.135976
1.135976
1.136900
1.143300
1.147908
1.148369
1.142335
1.135680
1.136893
1.136105
1.134095
1.132503
1.131350
1.124480
1.117006
1.121692
1.127904
1.132939
1.145069
1.148369
1.146000
1.145082
1.144700
1.149425
1.141901
